1
2
3
4
2
1
3
2
2
3
3
4
4
2
2
1
3
4
4
4
5
3
3
4
6
5
5
4
5
1
5
5
5
3
5
5
7
7
1
6
8
7
3
6
7
5
8
8
5
1
4
3
10
1
4
7
3
3
1
2
2
8
10
7
7
3
2
2
1
1
10
2
5
2
4
2
7
8
8
9
2
8
8
2
9
1
4
1
4
11
1
2
1
3
3
1
2
5
3
4
5
4
10
11
9
1
1
4
5
4
8
12
1
10
2
1
10
1
2
2
12
1
1
1
5
9
4
5
1
4
9
10
9
6
1
5
7
12
2
1
3
5
8
3
3
2
12
10
2
3
12
3
4
5
11
4
9
2
4
2
1
1
12
5
4
1
1
8
9
8
10
9
11
9
4
7
11
13
9
5
9
5
10
9
7
2
11
6
3
8
5
5
4
4
3
14
10
2
12
10
2
15
13
4
2
4
6
2
1
4
4
5
10
4
3
14
2
2
12
1
2
4
1
4
4
2
4
11
15
16
6
13
14
3
2
5
12
13
13
4
4
13
7
12
3
1
11
5
11
5
1
4
9
12
4
6
13
13
6
11
2
2
17
5
19
1
2
13
20
3
3
12
3
1
22
14
5
6
4
7
7
13
8
14
15
4
9
15
7
9
14
14
17
1
13
8
12
15
1
2
5
6
14
1
7
15
3
3
1
14
7
2
1
11
5
6
7
1
6
6
1
6
7
6
11
1
14
5
2
2
3
2
12
13
7
3
12
6
3
3
2
15
14
2
11
2
16
9
1
1
7
1
9
16
16
2
10
2
1
20
4
1
15
16
1
1
1
4
4
14
3
7
3
16
10
20
4
2
4
4
3
19
14
2
19
1
14
1
14
15
3
3
1
4
17
13
3
2
1
7
1
2
1
14
8
13
3
14
3
10
4
2
1
6
2
4
4
8
4
1
14
2
2
5
13
15
14
1
1
2
11
14
10
5
15
1
15
5
8
15
9
1
1
8
10
6
1
13
4
3
6
3
6
2
7
7
1
6
16
15
11
11
6
14
1
5
2
3
17
1
2
1
12
9
3
3
1
3
13
2
5
5
5
1
6
4
2
16
14
16
7
16
1
2
2
2
2
5
16
16
4
17
1
5
15
1
2
10
16
12
3
2
14
17
15
14
1
17
17
4
5
3
2
3
14
2
4
12
17
3
14
1
17
6
17
15
1
1
2
14
5
2
2
1
16
17
1
20
7
12
16
9
8
2
1
15
13
4
16
3
17
2
13
16
13
1
7
1
1
15
2
15
14
11
16
6
12
6
2
1
3
12
14
15
1
10
3
14
16
2
11
18
2
15
12
11
13
14
6
13
6
5
4
3
5
5
5
15
15
6
2
13
20
1
6
3
5
6
8
1
17
14
3
6
1
1
14
5
2
16
7
15
18
17
1
15
7
7
13
12
14
14
16
14
2
2
2
6
1
3
6
16
7
16
2
19
16
17
13
3
14
14
3
16
2
1
6
6
3
17
9
2
16
16
18
17
3
1
15
16
11
17
2
15
2
7
2
6
2
7
16
2
2
9
15
2
1
6
1
14
14
5
5
6
4
8
20
7
16
14
2
21
14
2
16
8
15
14
2
9
11
2
10
18
1
3
2
11
19
3
2
1
16
1
14
2
16
4
12
3
24
12
15
2
3
18
1
15
10
5
1
15
14
16
4
3
17
10
16
13
22
12
2
10
1
16
13
16
3
1
1
10
1
9
7
10
9
10
10
7
10
7
9
19
7
10
7
11
6
1
10
11
12
10
11
16
10
1
14
2
2
3
11
17
2
2
8
15
12
3
12
13
14
7
1
1
21
1
11
15
22
16
2
5
2
16
1
8
1
16
15
14
3
17
14
2
5
17
1
17
15
5
11
24
1
1
19
14
7
18
1
16
15
1
6
2
14
16
10
13
7
3
13
1
10
3
16
10
11
13
15
3
16
2
14
5
8
5
1
16
17
13
2
1
1
16
14
6
14
10
15
10
16
1
5
8
16
1
8
14
1
5
15
5
11
14
18
1
4
3
14
14
17
8
8
7
1
14
1
16
2
16
7
18
16
8
17
1
15
21
1
7
15
18
10
2
9
14
12
7
21
14
7
2
2
2
1
13
1
8
1
15
6
11
8
8
7
16
15
1
15
12
15
1
5
6
16
10
2
9
9
9
7
1
13
8
1
8
12
13
12
7
11
1
12
17
2
2
15
11
10
16
8
10
10
14
11
12
20
17
