1000
1 98150
1 1431
1 97341
1 60426
4
5
1 90987
2
1 22796
1 12330
1 45086
1 7221
1 30403
5
5
5
1 73270
1 27794
1 42003
1 4207
1 29960
5
1 87421
2
1 27330
1 91935
1 58272
1 17079
1 17962
4
1 80032
1 50615
1 92564
4
3
1 12575
1 63177
1 29944
3
1 14533
1 67756
1 56980
4
1 33463
1 26516
1 500
1 51203
1 57109
4
3
2
1 94607
1 76778
4
4
1 50444
2
3
5
3
4
1 23713
1 73903
1 84519
1 39847
4
2
5
2
2
1 67915
1 17394
1 87782
4
3
4
2
1 48520
1 26248
1 57295
1 21339
1 60557
1 81793
3
1 63103
3
1 21444
5
3
1 74500
5
2
4
1 15246
2
2
1 11866
1 98910
1 889
1 5240
3
1 14446
1 55251
1 55566
1 33468
3
3
4
1 8710
2
1 44159
1 52597
2
1 28904
5
2
1 37836
2
1 1483
2
1 62222
2
4
4
1 89626
1 59142
1 23689
3
3
2
1 44811
1 85535
1 43365
1 14599
2
1 9376
1 14872
1 57796
5
4
2
3
1 14855
1 5377
4
1 96569
1 35019
1 86811
4
4
1 36883
1 91661
1 649
1 6529
1 51655
4
1 66803
5
4
3
3
5
1 34434
1 17852
1 11416
3
5
5
1 64705
1 81026
1 55299
1 80523
1 72908
1 24980
1 6297
3
1 61202
1 68413
1 47993
4
1 82178
1 6926
1 79116
1 44696
1 14691
1 87135
1 38769
1 9318
1 94439
1 31337
4
4
4
1 88358
2
1 34322
1 33130
1 4582
1 80972
1 31310
4
1 71870
1 60821
3
4
4
2
5
4
4
1 7837
1 9575
1 32764
4
3
1 73427
1 95469
5
1 25731
5
5
2
4
1 6288
4
1 98477
1 6561
1 65428
1 69078
1 71598
1 20584
1 37086
1 72912
1 89933
3
4
1 64343
1 51385
1 66450
4
1 89873
1 75122
1 23316
1 23727
2
4
1 62341
4
1 56165
4
3
4
1 40212
1 23714
1 93723
1 21630
1 66687
1 65912
2
1 47552
3
4
1 71535
2
1 70644
2
1 11087
1 24209
1 71100
1 98873
1 199
1 79337
3
3
1 71130
1 56094
1 7945
1 5956
1 11775
1 97014
1 3122
1 31946
1 4837
1 25759
1 35367
2
1 96628
1 32329
1 6978
1 5052
1 32782
1 78616
1 35678
4
1 47985
1 4542
1 81496
1 26164
5
5
2
3
1 51888
3
1 90446
1 51978
1 1976
2
4
1 80763
1 87933
4
5
1 57340
3
1 95196
2
4
2
1 13163
4
4
1 91792
1 23526
1 44535
3
1 74579
2
1 5801
2
5
1 4478
1 27853
1 28066
5
1 1024
1 29811
5
4
1 5736
2
1 33039
1 46048
1 2902
1 30095
2
1 47675
5
2
4
3
3
1 22410
1 62120
1 56746
1 98149
1 88634
2
2
1 68566
1 95657
2
1 29737
1 78920
2
2
4
1 9
4
1 55134
4
1 90312
1 1319
1 34557
1 89400
1 68658
1 4107
3
4
4
2
1 73398
1 59110
3
1 35560
3
1 67650
5
1 57987
1 25099
5
1 98254
2
1 98216
1 34611
1 59535
3
2
4
1 9701
5
3
5
1 31716
1 87399
1 81749
1 2304
1 78363
2
1 87132
1 5730
5
2
3
4
1 4935
4
1 18913
1 2499
3
1 58062
1 96670
3
4
1 82662
1 81588
1 80258
5
5
2
1 45039
1 38355
1 86152
5
1 77008
2
1 76355
5
1 98724
1 25273
1 94302
4
4
1 91697
1 40518
3
5
1 38759
4
4
5
4
5
2
1 99071
3
5
3
1 75454
1 56695
1 50989
1 49360
1 12056
1 52983
5
3
2
1 90630
1 75565
4
5
5
1 45415
1 43241
1 10082
2
4
5
1 45303
2
1 90550
1 13045
5
2
1 22208
3
2
1 76916
1 28802
1 56186
1 85678
1 68008
2
1 1110
3
1 95558
3
1 7754
1 53578
1 61894
4
1 76577
3
1 6913
1 46596
5
1 95536
1 84908
1 25252
1 49343
1 94251
3
1 67319
1 77279
1 67805
1 48881
5
1 34853
1 78142
1 8611
1 10283
1 90022
5
1 88064
1 65182
5
2
1 85112
1 34161
3
1 50629
3
1 46280
1 7624
1 47180
1 59547
5
2
5
1 62653
3
1 90852
5
3
1 62358
1 46806
3
1 68535
1 86655
1 44114
1 24055
1 21846
1 18312
4
3
1 51862
1 49348
4
1 25831
2
1 45215
3
1 26450
1 32717
1 33466
5
1 90572
2
4
1 45306
4
1 46308
1 33117
1 42322
1 33713
5
1 59102
1 86883
4
4
2
1 41439
1 47629
1 61985
4
1 40093
4
1 66746
1 77878
2
1 48029
1 77997
1 5610
1 66165
1 82790
1 30980
1 41631
1 61074
1 18395
1 80305
5
5
5
1 12238
1 96593
5
1 99583
1 61695
1 52318
1 99747
2
1 40415
1 68825
4
5
1 7006
3
1 85962
1 19789
5
1 35438
1 79060
2
5
2
4
1 65114
1 86409
2
1 53821
1 98428
1 41740
1 73240
1 56404
2
1 28768
5
1 16636
1 48214
1 44972
1 29137
1 84351
1 25706
1 48587
1 6302
4
1 1996
3
3
4
1 22952
1 51563
1 85662
1 78876
4
1 71755
1 41750
1 68338
1 42920
1 10686
1 55185
1 39508
2
1 62812
5
2
1 91817
3
1 2504
1 47466
1 14720
1 94665
1 78474
1 55877
1 61224
1 63024
2
4
1 40997
1 24746
1 50473
1 53325
5
1 63426
2
1 91681
5
3
1 96273
1 88838
1 82855
4
5
1 19568
1 63411
4
5
2
4
1 79057
1 83823
4
1 9752
1 8092
3
1 5316
1 68929
1 11184
1 53213
1 65243
1 91390
1 70873
1 64108
5
1 61886
1 13964
1 51657
1 41287
1 92455
1 4197
1 50442
3
2
1 54320
2
1 97776
1 2954
1 19130
1 75966
1 4195
2
2
1 42990
2
1 85130
1 181
1 79234
5
1 18298
5
1 70831
1 14235
1 42754
4
3
1 47290
5
1 39103
1 12427
5
4
1 56745
1 84496
1 36716
3
2
1 61152
1 8100
1 47982
1 14084
1 69806
1 26960
5
1 27462
4
1 47173
1 57935
1 52053
3
3
5
5
4
1 97827
4
1 87380
5
1 96629
5
1 4862
1 50216
4
5
1 68988
1 10250
1 18279
1 20265
1 60156
2
2
1 99881
1 85600
1 58661
5
1 81238
1 53983
3
3
1 56937
1 98615
3
2
1 10856
1 75439
3
4
4
1 65430
1 26265
1 93274
1 50954
1 49587
1 52938
2
2
2
1 68662
2
1 10626
1 43182
1 69927
1 52920
1 79
1 92603
3
1 23883
3
1 23354
5
1 45237
1 56863
1 60286
1 5082
1 36675
1 50184
2
1 99328
1 56917
2
1 83245
1 29024
3
1 9858
1 71374
3
3
1 47121
1 14279
1 86839
1 23729
5
1 37446
1 31982
4
1 87683
4
1 57853
1 62003
1 27564
1 17670
1 91570
5
1 80095
4
1 27237
1 95168
1 61793
1 43970
1 27810
1 16793
1 61111
5
1 82856
5
1 14629
1 87877
2
3
3
1 24083
1 41955
1 45006
4
3
3
1 72683
1 18103
1 91182
1 59788
1 57045
1 17384
1 84591
1 17221
5
3
4
1 25889
5
2
1 45786
4
1 95249
1 14289
3
1 84664
1 58274
1 83209
5
5
5
1 74576
1 24901
1 75719
1 2197
4
2
2
1 49410
4
1 61536
3
1 17411
2
1 68336
1 78489
1 22239
1 77271
4
1 41119
1 68732
5
4
1 14444
1 83187
1 26715
1 91901
1 50566
1 47923
1 48378
1 232
1 71084
1 16341
4
5
1 85986
3
5
1 48310
5
3
5
1 72068
1 8009
1 80974
1 93449
3
2
1 63004
1 45772
4
1 47471
1 66811
1 51851
3
1 23002
2
1 25181
1 20253
5
1 85055
1 21643
5
1 23475
2
1 80547
5
4
5
1 51238
1 78764
1 67028
3
1 31097
3
1 55275
1 77327
1 93789
3
1 58651
1 20769
1 10320
1 78684
1 23344
1 30334
2
1 57780
1 13041
1 50490
1 77778
1 83851
