1000
1 39877
1 76497
2
1 6377
5
1 89598
2
4
1 19134
1 9735
1 95248
1 95239
4
1 46204
1 13054
1 78838
1 12811
3
2
5
1 88900
1 33036
4
1 55615
5
1 58045
1 79335
1 11467
1 20433
5
1 28911
1 6162
3
1 83920
5
1 94853
4
1 19348
5
1 36156
1 2151
1 37248
1 72433
1 64899
2
1 57330
1 26521
1 39581
1 57374
1 61334
3
1 85402
2
1 29806
5
2
2
1 69816
1 50537
1 12133
1 7310
1 62569
1 38120
5
5
4
5
1 99949
5
5
1 54749
1 5324
1 15807
5
1 44577
1 6080
1 73851
2
5
5
2
2
1 45064
5
1 31904
5
1 38681
2
3
5
1 56533
1 98626
1 9097
1 62192
5
1 98465
1 53744
4
2
2
1 32735
3
1 97480
5
3
5
1 8861
1 26894
3
1 60553
3
4
1 63676
1 81883
1 77252
2
5
1 17239
1 29456
2
1 84099
4
1 7647
1 5880
1 59182
1 71356
5
3
1 2580
1 97066
1 41282
4
1 47306
1 66140
3
1 64456
1 15499
4
1 12962
1 85979
5
5
1 78167
1 71741
1 62075
1 33454
1 4961
3
4
4
3
1 82474
2
2
1 28929
1 6938
5
1 92047
1 44174
1 37650
1 91153
1 57849
3
2
1 6253
1 91405
4
4
1 80402
1 9969
1 4336
3
1 75699
5
5
3
3
1 30351
1 75743
4
1 62612
3
1 20447
1 87250
1 46178
1 499
1 92458
4
3
1 43502
5
1 28725
1 12628
1 80853
4
2
1 7095
4
1 99262
2
1 42759
4
1 53144
1 90213
1 4843
1 7658
2
4
1 88935
5
3
3
1 95914
1 34166
1 87385
5
3
1 75078
1 53151
4
1 5064
5
4
4
2
1 28823
1 8906
1 23906
5
1 18836
1 47216
2
1 65652
5
3
3
1 2136
3
5
1 54745
3
1 98767
1 3273
1 58441
2
1 32658
1 19735
1 17550
1 59703
4
2
1 74359
1 89833
1 36353
1 28991
1 89397
1 97919
2
3
1 98064
1 43144
2
3
4
3
1 14861
3
1 23322
1 87326
1 66410
3
2
1 35338
3
5
5
1 63939
2
1 12100
1 16151
1 56406
1 85262
2
2
1 95496
1 24849
4
1 63664
2
1 99115
5
1 72902
1 65442
1 38935
5
1 47597
1 58927
3
2
3
1 19616
1 79490
5
1 65065
1 90333
3
3
3
1 3312
3
1 6106
3
5
1 39591
1 11849
5
3
1 21412
4
1 46128
1 34334
1 39370
1 27282
1 51778
1 50209
3
1 41944
1 42216
3
1 3499
1 65519
4
4
1 52751
3
1 33617
1 5234
4
1 19805
5
3
1 67258
1 54785
1 92501
1 88879
1 17555
1 25967
1 64785
1 45220
1 1206
3
3
1 76307
5
1 61995
1 96450
1 42380
1 29825
5
1 54195
3
4
1 96543
1 38871
5
2
1 90635
3
1 61666
2
1 16533
4
2
1 45720
1 9494
1 88459
4
2
5
1 19268
4
1 1563
5
4
1 66429
5
4
2
1 66813
5
1 61991
4
4
1 37655
5
4
1 68549
2
3
1 31876
1 97960
1 76679
1 34721
1 81235
2
1 17661
1 65398
1 39449
1 21071
5
5
1 46114
1 29658
1 63675
1 27517
2
1 6760
5
2
1 70262
1 99537
1 51275
1 45437
5
2
1 32148
1 68161
1 56004
1 25098
5
1 28128
1 3250
1 43857
1 29270
1 80980
1 63107
1 63442
1 80493
1 31977
1 80188
1 56472
1 24977
2
3
4
1 76021
1 72431
1 52777
1 7761
3
1 36266
1 81601
1 99477
1 57841
1 64332
1 68378
1 46366
2
1 98038
1 14731
1 65674
2
3
1 73605
1 24913
1 57428
1 24611
5
5
3
2
3
1 91403
3
1 54206
5
4
1 40865
1 57731
1 54647
3
1 17257
1 41667
1 32381
3
1 610
1 65285
1 43526
3
5
1 16534
1 16604
1 11904
1 87514
1 75290
4
1 77914
5
1 95869
1 98455
1 87909
1 81590
1 31619
3
1 58261
1 37960
1 23470
4
1 6751
5
1 36397
2
1 86695
5
5
2
1 55044
1 20850
1 89124
1 96968
1 52464
4
1 82341
4
1 77591
1 56896
1 2078
4
1 60529
1 19258
1 81308
1 67936
4
4
1 54036
3
5
1 50184
5
2
1 53189
1 54365
1 33131
2
1 25968
1 79663
1 48438
1 79272
1 86240
3
2
3
1 33542
1 27501
1 35752
1 84830
3
4
3
4
3
1 36279
1 31502
1 43506
2
5
1 98359
1 59852
3
3
1 73882
1 39605
5
1 35366
1 29509
1 90100
5
1 21612
1 29473
2
2
1 31426
3
1 78679
5
1 91898
2
1 54450
1 74052
1 90539
1 37797
1 40832
1 78344
1 55863
1 55639
1 69844
5
3
1 21155
5
1 62018
1 85259
1 74835
2
1 92721
1 578
4
1 73224
1 30933
3
4
1 36682
1 22993
2
1 99422
1 33827
2
1 43717
5
2
3
2
4
4
1 35847
1 8664
4
1 7959
4
1 53938
2
5
1 48548
2
1 5808
4
3
4
4
2
2
3
1 84054
5
1 19743
2
2
4
1 14639
5
1 16804
3
1 25248
1 56467
1 25067
1 93847
1 65269
1 59552
1 33125
1 36726
3
1 76184
1 22678
4
1 23193
1 67470
1 71929
1 74130
5
1 29801
1 48239
5
1 65384
1 89753
1 48917
1 49996
3
1 18068
1 39797
1 7364
1 89779
1 13908
1 11653
1 77067
2
1 91434
3
4
1 84745
1 76741
1 42443
1 43223
1 28313
1 6596
5
1 56940
1 35652
3
1 83863
1 53149
5
1 85148
1 41368
5
3
1 24901
1 80682
4
3
1 76596
1 72718
1 88636
3
4
1 16983
1 39483
4
1 43151
1 54773
1 58696
1 90663
4
1 12924
1 80754
3
4
1 14925
1 77112
2
2
1 55101
1 70063
1 83592
1 15712
5
4
2
1 10658
1 87746
1 18916
1 12881
1 71094
2
2
1 69594
1 67947
1 86512
4
1 77063
2
3
4
1 22271
2
1 35308
1 54818
3
1 76377
1 74267
2
1 2090
5
1 3579
4
1 55457
5
4
1 99500
2
4
3
1 59545
3
4
2
1 2880
1 84472
1 74646
1 8045
1 23698
5
1 9061
3
1 18732
4
1 58708
1 7029
3
1 56342
1 99846
4
1 18615
2
1 54562
1 19030
1 83066
2
1 46613
1 51796
1 97469
1 92328
1 96176
1 81069
1 83068
3
1 88526
1 57660
1 60267
5
5
1 78603
1 51788
1 51600
5
2
1 57778
1 18905
1 72326
5
2
1 14243
1 69806
5
2
2
4
1 35164
3
1 75405
5
4
1 50222
1 27759
1 14056
3
1 52808
1 38184
1 28889
4
1 77053
1 58956
1 75307
3
1 20318
1 37721
5
5
1 93446
1 80379
1 20182
2
1 95744
1 92540
1 84968
1 32922
1 27993
1 99878
1 73336
5
5
1 31018
1 71538
1 58491
4
1 92142
1 60287
1 51597
1 34004
5
1 23348
1 51725
1 3569
1 66378
2
1 28629
5
1 60925
1 82359
5
5
1 70483
1 47618
4
2
1 141
1 75394
1 43083
1 53030
4
1 31702
1 98240
3
1 13111
1 1297
4
1 16675
2
1 5647
1 63692
1 47576
2
1 34164
1 66153
1 69524
4
1 26123
1 1726
1 51374
1 37519
1 44196
2
3
2
4
1 1896
1 32736
4
4
1 917
1 25622
1 6318
1 12217
5
5
5
4
2
1 72052
5
1 56233
4
2
1 21231
1 3895
4
5
1 65595
1 89210
5
1 40559
2
1 26064
3
5
4
1 32352
1 21128
5
5
3
4
2
1 78500
1 23360
3
1 56373
1 85738
1 99044
1 14979
4
1 48632
1 74788
4
4
5
5
1 83689
1 52449
4
5
5
1 65311
3
2
1 21988
4
3
4
1 80319
1 13438
1 58140
1 73900
4
1 55836
1 84454
1 52202
1 9248
4
4
1 76286
1 72468
1 24003
1 83680
3
5
1 43890
3
1 96868
5
1 66100
