1
2
1
2
2
2
2
1
2
3
3
4
3
3
3
4
4
3
5
2
6
4
1
5
3
6
6
4
4
2
5
5
4
6
1
6
5
5
6
4
5
5
6
7
5
7
7
7
8
9
6
2
2
8
3
1
1
10
7
7
7
11
9
2
5
1
3
6
6
5
5
6
4
6
3
7
6
6
7
6
1
1
5
7
8
6
9
1
5
1
6
7
7
8
7
8
7
1
6
1
9
8
9
1
8
1
8
8
7
8
1
2
2
3
4
6
4
7
9
1
5
1
8
9
8
4
4
3
11
2
6
11
7
5
2
7
8
11
9
3
1
2
2
5
9
7
10
2
11
10
1
2
9
1
12
2
3
3
9
12
4
12
3
3
2
6
2
1
5
11
3
1
9
1
4
3
1
13
10
3
7
1
12
5
10
3
2
3
2
12
1
13
12
6
2
9
2
2
3
1
12
1
11
5
10
11
10
1
6
2
1
1
2
10
7
2
1
9
12
10
10
1
9
8
7
13
2
12
5
10
10
2
10
6
6
1
3
1
1
12
5
2
4
15
3
16
13
14
15
1
3
13
4
13
16
5
5
1
3
6
16
2
2
2
1
13
1
16
5
11
1
3
14
2
1
5
11
1
11
12
12
7
1
1
5
15
1
8
2
5
5
12
11
14
4
11
15
4
2
2
13
6
1
12
4
4
1
1
3
1
4
1
1
12
11
3
3
16
3
12
14
16
15
14
13
1
14
15
1
4
13
4
3
15
1
13
3
3
13
1
3
11
12
2
3
14
16
14
13
3
2
1
13
1
14
3
16
15
3
14
2
4
2
17
2
3
3
3
17
2
15
1
13
16
2
5
2
1
2
13
1
12
1
11
11
2
10
9
13
2
15
1
9
13
1
7
9
6
5
14
2
12
14
6
2
13
13
16
16
3
2
13
12
8
14
1
2
5
2
12
6
14
14
6
1
15
12
12
16
5
16
2
12
15
5
9
10
6
16
6
12
17
2
6
2
13
14
16
4
1
13
2
3
15
12
14
13
2
5
12
12
1
4
15
20
17
17
1
4
3
2
2
2
2
17
1
2
11
17
16
1
13
15
17
1
5
15
14
1
1
12
13
4
2
11
4
5
2
2
3
3
4
15
3
16
16
16
4
5
1
12
4
6
3
3
1
13
18
5
6
16
1
4
3
6
11
3
3
14
12
3
13
2
10
13
5
1
12
4
9
14
16
11
1
16
7
14
6
6
4
2
2
14
17
14
7
1
2
1
9
1
13
16
14
8
2
6
15
6
1
15
14
1
14
14
6
6
16
15
1
1
17
5
8
1
6
1
17
15
7
16
11
8
13
14
13
6
6
18
1
14
6
12
1
7
2
2
14
18
7
2
13
17
9
3
14
1
15
3
1
2
2
1
9
14
10
10
10
10
15
9
2
15
1
2
2
6
2
9
8
1
2
7
1
13
1
1
1
10
4
11
4
17
13
18
2
15
14
12
14
2
14
19
12
19
15
15
17
1
14
15
1
14
4
15
16
4
12
14
12
2
13
14
13
12
4
4
2
6
15
17
15
18
15
1
12
15
2
7
15
1
6
15
1
5
19
6
14
1
13
14
2
2
14
13
18
13
16
13
17
2
12
13
8
2
14
14
16
14
1
16
17
10
15
2
1
13
2
4
11
3
15
2
1
17
17
6
1
17
2
3
2
21
2
17
15
2
16
19
2
2
2
3
2
15
3
2
4
1
1
3
16
1
12
11
2
9
15
3
18
2
4
3
15
3
19
4
1
15
2
4
16
3
21
13
11
1
16
19
4
5
6
8
12
3
6
21
20
1
3
12
20
18
4
1
20
13
18
3
1
5
18
3
1
1
1
18
1
14
1
2
14
18
3
2
17
15
16
4
17
17
14
1
14
18
1
5
7
7
14
2
9
9
10
15
19
10
16
10
9
20
10
18
1
10
17
16
14
7
16
16
2
10
2
19
8
16
9
9
8
15
17
1
1
2
14
14
17
2
16
7
7
3
4
4
4
3
2
13
14
2
18
14
18
1
19
2
19
16
13
2
3
2
1
3
17
3
2
4
19
5
6
1
6
5
3
3
17
6
15
1
3
19
2
2
7
14
7
7
13
1
19
6
1
1
17
18
5
4
3
3
2
11
18
2
15
2
3
3
3
18
15
2
9
3
2
2
17
9
2
1
15
2
9
21
1
1
9
8
11
16
16
11
15
2
18
11
11
10
14
15
16
3
2
1
13
2
2
2
13
