500
28 80 25 53 59 73 57 46 14 27 100 22 87 21 78 6 77 91 6 67 91 71 1 1 29 5 45 21 39 83 14 11 8 88 95 31 2 96 1 98 93 57 40 1 1 3 72 64 6 52 85 71 52 35 1 51 71 26 48 17 11 1 8 14 10 1 81 32 22 95 90 72 94 93 55 7 15 97 24 56 81 88 78 61 89 83 24 3 19 16 68 43 74 1 83 80 29 84 91 41 86 29 83 1 2 42 2 73 63 32 19 27 13 47 53 94 58 89 6 21 34 39 71 52 82 34 77 1 25 29 93 69 46 96 78 47 16 34 1 81 96 52 46 67 42 59 54 39 49 1 28 22 80 71 8 1 79 41 1 4 21 46 81 1 89 86 1 61 21 53 61 23 11 15 44 14 34 14 25 13 53 91 1 98 28 92 87 45 33 48 58 1 12 88 8 18 90 3 16 48 86 85 72 71 61 65 15 8 40 11 62 84 45 25 43 96 23 71 87 33 68 90 22 51 42 60 1 73 81 12 90 84 24 24 48 71 1 1 71 54 1 42 76 98 59 49 53 42 33 51 44 39 21 18 46 36 17 87 48 5 38 75 59 88 88 1 43 56 26 63 13 89 1 93 73 89 5 2 62 6 12 56 1 1 94 63 93 61 77 32 61 17 95 86 3 87 75 25 21 1 89 1 85 88 13 24 38 90 88 44 1 25 9 37 91 92 29 97 69 73 57 76 80 74 3 56 53 56 64 8 98 43 1 40 1 95 81 91 64 90 51 2 46 18 29 1 7 48 1 1 2 1 45 94 1 58 1 35 12 78 1 57 89 79 82 46 80 95 74 53 1 26 85 63 33 26 82 61 79 68 13 8 76 11 38 62 87 1 85 63 31 11 99 63 71 6 42 5 45 64 63 83 69 38 2 1 66 15 40 24 1 2 40 48 7 86 29 97 1 76 26 81 60 88 30 75 82 62 68 30 17 20 1 4 68 34 5 89 20 28 85 91 99 47 1 51 55 33 1 85 84 97 87 39 84 97 38 53 30 92 63 75 1 75 1 58 50 77 1 2 82 1 53 31 62 1 97 22 10 95 61 1 47 97 96 48 74 5 83 15 14 47 10 95 3 54 24 86 55 4 
500
13 368
196 338
84 498
6 468
189 272
106 294
159 439
472 479
6 496
161 310
19 459
141 470
30 460
11 477
49 441
32 472
159 379
423 464
21 466
458 466
97 275
376 477
355 365
22 495
149 333
224 262
287 499
18 462
162 167
33 462
396 479
138 467
110 329
139 404
385 404
18 472
191 495
207 210
160 343
75 155
10 264
311 389
46 163
434 443
173 310
171 345
18 469
58 90
30 190
6 360
189 235
11 65
251 278
141 478
295 439
381 385
51 241
50 242
67 177
156 385
151 493
223 451
71 131
292 294
48 483
167 438
293 359
48 491
421 438
132 320
138 444
50 472
60 219
22 466
30 385
89 147
334 390
136 193
29 496
12 486
84 400
71 467
171 451
76 457
88 209
131 173
36 459
281 414
360 409
5 465
45 455
261 452
147 317
115 254
1 471
366 398
21 248
339 376
142 322
74 101
11 465
88 358
2 151
25 463
4 442
17 492
76 443
148 273
479 488
16 486
237 394
402 435
230 341
44 500
308 436
63 80
15 301
48 499
41 485
415 491
23 452
211 372
128 156
16 147
239 408
8 471
60 286
70 74
210 342
117 181
251 463
31 496
17 220
157 232
29 463
10 472
249 456
416 479
32 462
16 477
13 499
116 321
182 483
213 458
48 452
39 477
259 422
180 267
19 455
134 328
410 448
170 246
31 345
346 493
14 330
240 411
53 62
15 480
18 188
135 246
312 370
50 473
271 433
178 264
23 402
58 321
45 213
356 442
224 247
200 340
151 495
262 397
194 425
76 115
39 68
172 222
27 475
367 456
21 459
133 308
373 386
91 97
82 273
2 478
128 326
217 373
192 310
11 83
28 158
329 498
233 288
7 474
255 374
100 107
180 212
321 431
42 461
2 473
10 496
59 303
99 197
176 493
111 401
424 456
44 493
37 348
319 440
53 283
314 372
221 365
70 475
149 274
73 424
496 498
3 488
133 313
94 320
392 471
125 166
44 153
139 461
169 294
15 233
49 463
52 256
187 242
110 351
30 476
47 488
24 362
23 459
63 91
119 261
286 391
466 489
246 472
244 365
218 269
393 417
27 481
96 290
442 483
302 466
22 72
163 278
344 369
39 469
27 444
67 345
25 478
133 409
398 459
13 500
101 488
299 336
79 275
227 231
369 425
115 368
139 346
7 483
49 466
19 420
1 454
217 252
8 409
21 453
18 493
21 500
23 486
37 458
34 447
88 373
209 465
28 488
105 414
25 474
499 499
192 376
401 470
17 105
22 494
162 315
304 356
44 405
318 402
87 276
200 362
99 392
25 466
140 405
5 461
47 452
462 486
126 468
379 476
36 134
237 333
402 405
30 492
29 499
341 370
7 498
7 369
304 309
268 459
299 366
40 457
242 284
351 477
25 468
25 495
293 372
11 500
35 478
35 463
24 483
54 165
40 365
48 500
177 191
26 460
449 493
48 495
12 480
45 471
259 394
57 454
92 152
9 497
303 360
416 477
160 260
323 476
30 488
311 378
174 458
34 43
243 253
12 469
279 472
14 492
227 402
68 279
208 492
178 415
17 467
183 448
19 468
135 185
6 469
22 480
45 466
77 190
86 128
32 464
224 500
61 448
167 486
25 499
5 496
343 455
205 249
427 498
35 469
31 451
286 331
373 463
141 406
52 219
75 200
23 467
97 124
158 484
17 257
21 472
202 287
22 156
235 236
228 380
214 270
139 308
42 110
37 492
309 447
50 479
30 88
32 476
187 364
38 462
194 365
11 454
152 349
402 468
204 228
41 484
36 474
205 362
51 75
11 462
35 472
10 466
199 427
32 487
3 488
368 380
305 385
17 459
6 489
150 344
278 305
6 492
4 497
51 343
99 224
16 330
109 268
4 484
81 115
183 184
486 500
64 75
446 457
40 455
19 476
17 373
42 462
118 431
115 295
173 227
370 400
489 494
86 465
272 363
200 237
218 239
102 274
44 333
126 468
174 261
107 312
388 461
3 468
252 460
129 468
12 459
40 399
67 483
196 332
136 389
28 487
500 500
50 471
310 392
314 496
22 468
139 323
218 478
178 198
80 137
156 284
207 456
268 409
51 494
39 462
30 491
20 451
231 317
399 427
397 486
232 425
225 377
5 467
482 493
338 494
44 488
426 448
10 499
33 111
453 483
414 476
283 283
423 496
33 476
21 463
48 461
132 132
236 410
472 500
1 457
99 415
11 490
34 471
33 458
156 443
132 402
35 492
373 466
246 400
248 487
