1000
19 1 301 354 52 855 334 901 632 7 28 200 743 53 577 50 711 849 784 58 927 39 894 1 902 1 897 79 1 638 46 944 95 433 440 959 711 632 595 639 976 333 25 964 314 373 97 615 682 678 284 846 657 452 66 85 62 13 30 221 892 388 11 1 490 144 989 370 85 990 726 63 539 29 710 463 916 959 269 369 376 245 20 25 1 86 1 960 508 94 1 1 19 821 1 89 437 1 287 1 31 54 483 676 897 448 493 1 142 689 1 752 560 71 75 405 490 799 980 662 1 763 933 12 1 100 49 722 50 1 535 21 1 652 885 630 217 647 375 389 1 336 70 317 592 612 431 681 656 1 41 715 143 1 69 983 982 1 398 1 1 398 784 1 7 890 560 842 330 31 39 78 1 4 1 448 1 624 871 23 146 198 595 209 170 325 61 827 761 971 860 512 712 860 521 571 468 494 173 593 859 133 55 263 8 463 16 37 52 1 23 541 232 1 102 339 26 452 877 740 845 233 1 71 214 901 999 38 118 536 1 977 872 913 614 521 1 511 532 978 239 983 172 702 766 277 17 21 82 265 395 51 461 37 52 467 42 513 579 403 59 156 812 1 409 1 712 285 220 184 309 256 660 434 9 960 63 889 23 11 24 81 288 12 844 275 186 1 66 531 99 1 955 11 57 292 1 11 913 47 723 216 143 400 38 284 389 76 42 94 94 1 176 38 163 202 530 252 1 331 667 699 356 1 240 679 738 543 25 92 659 722 1 738 685 473 1 389 466 480 488 1 359 58 1 1 503 526 482 658 76 1 791 834 1 576 372 338 1 613 1 948 918 39 1 512 1 245 944 153 1 35 22 164 554 519 800 472 3 579 73 2 1 90 113 824 1 795 69 416 973 51 1 836 107 265 964 468 942 72 71 39 1 223 531 47 800 1 34 239 125 1 43 893 360 539 357 1 1 354 290 65 27 43 1 35 88 670 888 560 754 801 1 596 960 49 1 1 311 506 837 115 539 1 74 644 840 1 58 1 79 640 530 589 651 725 744 1 669 642 906 545 604 228 74 339 93 651 715 98 55 993 1 184 34 724 55 525 515 1 199 23 240 899 591 27 420 27 57 83 906 1 597 1 262 670 1 636 51 500000000 1 1 13 694 381 935 817 37 37 865 836 83 296 921 1 1 268 243 545 201 327 700 950 839 845 674 29 865 50 967 690 301 1 1 897 1 611 368 771 877 919 1 931 432 1000 669 57 787 73 822 503 631 72 98 375 1 858 1 73 1 1 1 1 15 776 1 956 430 1 36 977 185 72 865 96 1 267 380 66 433 91 20 428 565 68 1 42 308 386 619 597 670 1 386 68 550 730 202 768 1 301 286 608 5 49 84 783 620 277 183 219 30 61 53 1 531 730 574 170 390 1 80 135 55 1 506 52 739 85 475 280 826 213 634 484 196 55 960 395 153 2 21 230 1 943 947 1 506 739 543 100 1 61 568 11 1 755 86 1 78 69 261 705 297 1 348 932 701 1 881 315 62 23 1 499 1 1 1 592 314 128 343 767 135 1 1 71 773 6 313 489 1 521 1 535 134 654 922 261 61 1 1 300 1 957 365 382 115 264 36 97 921 781 384 305 631 428 64 94 336 458 853 1 159 10 708 729 785 870 862 90 771 29 518 336 34 210 73 45 168 1 1 98 631 555 1 1 300 698 1 909 660 1 873 189 1 224 27 748 32 656 1 976 64 932 934 1 97 820 78 489 93 492 14 587 94 1 1 68 666 69 787 957 103 674 370 1 363 684 1 641 461 54 918 145 19 826 1 530 549 114 254 15 74 975 509 197 9 878 1 674 922 34 207 569 1 50 761 307 11 70 882 98 123 848 408 617 432 58 216 8 708 336 987 55 993 443 956 877 39 1 378 1 124 943 462 88 576 531 691 1 255 647 389 545 1 965 953 993 544 347 1 654 313 931 948 756 613 1 428 966 597 749 551 687 934 249 786 57 198 242 628 997 25 1 1 569 302 794 41 1 2 528 553 916 125 4 31 1 187 36 762 548 323 1 398 785 1 1 70 882 460 100 7 989 36 860 61 64 105 384 712 789 745 350 1 54 99 71 383 584 284 794 52 185 14 1 4 1 727 621 84 253 4 563 183 762 329 1 592 575 50 974 74 958 744 1 1 73 902 1 885 948 755 86 362 492 36 1 300 627 48 425 1 91 900 856 449 98 13 121 747 252 480 60 1 176 1 46 545 940 760 88 448 1 978 535 771 552 866 
1000
90 912
48 280
520 898
40 941
59 734
221 908
27 974
797 823
46 977
872 980
669 696
522 754
514 644
270 796
26 993
211 418
109 372
369 468
98 901
50 447
69 953
750 970
15 324
73 989
964 991
336 450
665 917
50 951
405 442
436 708
860 988
89 927
55 936
45 875
92 905
296 759
774 801
18 109
741 789
1 917
2 934
614 661
332 364
829 999
91 978
724 859
90 947
90 584
702 840
17 970
777 1000
741 884
759 813
462 541
241 921
279 648
65 960
533 550
579 864
479 945
145 235
244 938
399 746
52 950
63 159
5 979
50 979
298 351
618 819
67 500
379 880
507 719
99 383
259 553
544 796
66 280
28 983
90 989
663 893
601 952
322 768
418 758
687 842
764 886
62 920
787 831
567 962
173 483
538 877
664 760
35 937
68 992
134 284
265 829
44 911
903 960
34 802
75 160
521 924
824 858
527 942
549 996
657 712
42 971
352 686
16 37
61 971
274 525
539 632
7 127
506 575
122 235
458 920
99 996
95 947
534 911
690 960
336 501
92 922
402 980
201 538
408 549
410 651
669 727
38 903
33 945
91 915
349 834
7 605
36 481
31 69
7 157
160 250
190 302
808 918
48 781
617 995
609 642
354 969
664 849
806 943
94 995
78 941
341 789
16 957
557 944
41 929
58 949
1 985
812 994
86 671
235 302
141 900
81 784
493 620
76 949
425 482
223 671
464 944
587 654
96 486
681 781
862 985
543 709
713 787
166 627
743 803
35 373
38 820
15 951
73 949
29 682
839 890
273 903
72 946
45 966
226 404
98 996
323 448
540 717
352 421
15 995
10 963
452 472
238 697
667 757
44 532
217 734
792 906
262 549
420 869
428 835
316 681
17 987
101 409
68 993
743 824
536 849
527 966
331 383
725 865
61 902
345 421
92 935
35 256
482 489
595 977
373 720
84 961
124 687
619 833
586 736
10 928
744 857
288 946
50 952
235 581
59 947
709 948
39 274
16 833
59 972
17 916
191 592
681 815
873 922
624 931
739 903
170 842
223 369
79 559
61 284
53 998
216 310
195 465
221 651
599 981
99 385
25 983
204 445
57 568
10 966
54 938
686 846
92 955
57 602
586 740
287 906
522 960
562 856
383 932
64 585
423 712
22 940
330 880
971 998
394 440
869 977
16 961
515 733
426 873
630 646
204 540
670 968
537 748
81 972
84 961
479 925
237 904
438 764
143 319
41 922
75 903
29 556
592 982
97 962
345 775
76 959
654 826
69 949
19 943
73 427
158 514
432 610
98 934
108 585
9 1000
491 779
47 64
167 833
73 909
137 415
304 629
687 782
76 351
555 643
60 915
19 986
594 731
806 870
46 984
637 725
483 624
474 705
701 880
54 81
520 798
48 903
433 900
231 611
261 532
348 883
399 664
44 943
232 542
212 504
84 546
187 269
79 915
89 975
295 497
24 729
121 830
128 347
9 978
106 165
82 922
227 547
55 996
930 972
812 975
26 923
64 613
15 391
157 689
80 1000
328 356
98 211
780 914
96 964
38 539
177 650
67 460
14 124
752 959
299 327
198 466
55 975
408 657
574 705
139 765
90 970
628 980
248 374
65 960
97 947
576 816
570 959
219 311
26 758
485 852
43 601
59 675
527 807
108 621
508 969
729 806
91 955
741 762
842 942
238 864
107 217
92 921
864 945
276 409
765 980
86 321
254 482
17 990
315 504
396 648
27 909
796 829
543 650
685 755
38 962
599 638
354 413
642 837
31 903
104 581
273 805
351 470
161 834
41 936
42 972
697 769
17 735
260 977
543 819
475 948
285 755
99 822
460 527
159 337
40 918
179 923
297 637
397 486
79 107
92 930
329 666
78 921
22 958
707 798
896 965
44 952
434 505
135 387
134 747
191 217
35 271
184 779
36 902
98 936
25 936
477 884
24 962
511 532
84 910
903 957
82 957
543 795
472 574
262 548
207 266
13 848
360 853
694 890
446 862
252 515
650 877
350 482
749 807
200 602
539 679
754 871
476 717
988 989
260 944
691 933
815 977
240 622
13 253
95 901
96 928
24 959
77 991
401 775
269 542
15 448
38 984
75 561
278 979
277 434
948 979
23 556
561 884
270 840
237 608
50 967
589 688
141 426
4 943
83 993
58 764
6 902
846 884
759 770
933 944
735 915
487 731
85 257
29 531
96 982
74 973
896 938
336 376
611 961
734 738
24 978
347 389
368 507
92 939
153 313
720 997
784 895
228 487
90 914
95 974
292 323
577 981
587 600
191 472
73 926
290 375
417 863
231 424
394 692
287 956
401 837
455 581
523 884
254 291
143 780
508 983
75 978
56 962
675 856
423 511
743 963
61 998
635 719
552 760
91 971
98 920
40 987
604 622
892 917
119 495
142 929
113 999
97 933
207 384
399 625
141 864
655 805
397 930
2 974
979 989
35 919
99 963
724 792
199 246
243 763
414 875
56 914
882 988
16 922
98 985
21 43
34 756
16 983
270 328
53 938
519 567
360 983
75 967
980 986
584 715
210 386
24 961
377 510
546 837
82 495
73 566
10 951
78 951
293 827
544 875
37 180
33 981
174 271
330 946
269 353
620 740
94 928
238 693
49 927
10 340
651 975
280 285
191 639
597 757
31 934
1 980
608 690
96 133
204 981
333 609
139 515
35 919
418 564
438 885
936 982
483 977
155 673
467 892
679 927
246 835
80 980
800 880
385 680
87 191
36 78
483 516
590 693
52 349
92 936
65 628
17 351
48 955
433 832
13 993
742 865
45 914
31 871
76 968
65 954
852 884
197 248
287 521
7 959
342 481
310 451
98 995
659 800
350 729
565 969
256 567
69 907
242 449
755 897
704 919
394 888
683 981
991 994
512 991
962 990
451 453
268 543
93 947
139 468
85 523
75 926
815 906
609 882
70 288
933 999
595 957
728 742
511 892
650 857
47 959
264 483
798 952
65 970
43 928
87 994
21 907
547 963
486 919
699 765
80 451
80 969
38 915
64 898
68 698
27 988
127 754
98 950
33 302
65 646
34 940
20 902
409 748
506 727
94 968
987 1000
53 904
471 536
85 967
44 984
55 442
95 962
671 849
37 458
415 841
723 932
398 828
357 360
397 770
72 963
62 615
48 987
140 249
93 964
552 737
316 821
312 885
180 255
480 595
414 490
94 858
279 696
285 689
162 787
73 993
54 985
410 535
427 733
43 425
733 830
327 664
111 560
44 210
92 943
55 914
408 711
81 430
34 972
703 722
54 986
600 624
6 918
126 474
82 700
1 994
609 872
375 800
94 913
84 455
45 432
189 454
529 924
505 867
196 858
76 999
100 248
111 981
238 927
686 990
712 949
298 567
28 626
7 858
415 506
684 808
94 963
802 922
4 173
32 901
605 996
10 974
19 911
79 920
44 941
1 911
40 912
620 920
193 766
124 343
28 142
268 367
157 563
312 516
269 558
606 633
861 963
525 692
501 818
13 689
364 374
58 920
292 696
895 900
769 832
42 922
483 534
329 885
38 948
26 884
30 952
872 971
508 674
64 76
619 790
44 724
569 640
761 944
319 338
74 175
582 638
4 46
85 925
34 388
78 217
15 614
88 977
10 920
857 935
89 953
91 346
135 138
51 929
561 618
20 969
103 890
52 338
270 767
40 153
163 764
413 952
563 726
851 917
643 948
39 938
55 815
399 843
59 386
45 908
109 147
145 671
714 812
272 752
397 455
23 25
241 499
313 380
55 961
556 565
90 987
192 689
196 571
801 904
171 466
5 917
287 898
143 614
220 817
205 537
748 937
34 972
535 929
27 908
420 815
242 996
167 286
136 359
293 571
59 990
812 838
7 902
152 721
8 177
643 942
74 710
221 659
76 963
65 978
49 898
34 728
314 480
43 973
264 919
194 565
74 526
197 703
155 661
62 902
10 943
380 961
466 483
143 572
65 924
629 893
636 778
211 511
92 964
49 930
34 926
13 774
820 951
286 286
65 999
386 607
383 679
84 942
92 964
485 763
92 974
39 931
40 257
252 779
12 670
295 976
310 778
586 690
218 846
10 910
13 969
639 650
197 911
347 798
37 987
42 168
76 917
322 332
437 997
72 953
771 937
525 804
466 921
34 925
146 312
102 128
346 465
55 917
929 989
313 808
481 738
257 716
455 565
56 342
269 893
31 966
81 85
29 976
25 915
79 608
881 970
895 937
28 625
494 821
505 524
272 991
125 232
92 976
97 214
641 793
155 946
22 968
107 192
20 934
558 628
657 920
589 895
141 724
5 991
455 658
350 590
49 949
744 836
134 278
297 788
205 601
394 613
592 626
89 965
8 981
899 926
501 923
979 986
80 931
360 467
341 714
344 744
429 875
654 858
429 690
127 724
361 382
713 847
12 987
142 207
571 582
697 707
232 918
181 474
593 875
414 801
506 521
63 352
32 966
253 825
38 996
76 908
22 911
862 981
985 998
828 951
941 984
970 999
537 663
20 647
52 164
264 294
4 995
92 967
93 919
