12 22 3
1628 3001 9385 9699 5061 7278 2286 7013 5253 3367 3220 1196 3025 3645 2148 4772 246 8914 3323 7328 9537 4984
7465 2501 3445 5672 2019 7709 2009 9581 3953 9637 6647 6550 2225 126 3326 8088 8754 9151 9969 9353 1322 6994
438 4245 5184 9667 247 5245 7346 1540 8660 3284 8305 3339 5407 7584 7264 6338 3599 2703 9224 4199 974 2959
7751 1002 2874 1365 8909 1826 3496 8519 8126 6311 7980 6002 34 2073 835 9989 4712 5624 7209 9171 286 5466
8419 2709 9051 6040 7062 2934 134 9809 6254 5189 4476 198 6313 5559 9646 3804 7577 6434 4816 6989 2821 6387
3435 6264 8376 2392 6572 1852 7793 5495 306 8593 1457 1206 2340 127 512 4161 1593 4260 5273 6007 1855 4578
9897 8861 7669 2095 3892 7849 1824 1524 3072 6392 5770 9086 9048 2585 8862 4576 314 6927 5005 1487 3561 6819
5676 3861 7532 6432 3107 9119 8734 3781 224 2143 9948 6951 8674 3642 5129 28 7695 9514 2253 7137 3775 1294
978 2581 94 7957 8390 9147 9261 5687 5532 652 8482 4012 3403 3571 4051 2178 2941 1407 6399 3339 961 789
7670 1741 6681 5083 4556 2513 1181 8734 2298 2501 2230 7853 9660 3578 4564 6764 1732 3542 5465 7394 5654 435
827 283 2106 5006 8790 4486 5245 7993 72 6056 480 6105 2931 3991 6487 5656 8910 4000 6379 6853 6469 6898
793 6479 628 2689 2705 8414 5104 2612 5800 1850 8798 5799 4006 929 3338 5785 5337 5734 7185 2015 6576 973
